   1         "t+aa"    5   11.688365   8.998413   7.095933
   2         "t+eh"    2    2.975401   5.061783   2.063921
   3      "ao-r+ah"    1    1.003768   1.081086  10.091647
   4         "t+uw"    3   13.999516   6.381542  40.822369
   5         "t-ah"    3   11.782525  27.246714  19.567055
   6         "t-er"    4   13.258276  18.877789 161.432236
   7         "t-iy"    9  113.649895 110.554024  64.891808
   8       "d-eh+p"    1    0.999973   1.000065   0.999893
   9         "t-uw"    3   20.803341   9.976512   4.552467
  10      "iy-d+ah"    1    1.000094  10.440566   1.009950
  11           "sp"  161  1148.355103
  12       "b-er+n"    1   42.090698   7.369001  52.976437
  13       "g-ih+t"    1    1.100830  12.996166  59.850815
  14         "ay-n"    1    2.735822  20.705580   3.966563
  15         "ay-t"    4    3.999804   4.000036   7.999118
  16         "ay-v"    3    4.582973   3.999671   7.837252
  17         "ay-z"    1    0.999999   0.999999   0.999999
  18       "n-f+er"    1   12.634470  16.914438   4.785519
  19      "uw-zh+d"    1    5.451999   5.452036  12.203870
  20       "m-b+ah"    2    3.504472   2.006814   2.015730
  21         "l+aw"    1    0.999880   1.008724  51.083218
  22         "l+ih"    1    0.999937   5.999886  50.994411
  23       "b-ey+s"    1    4.999287   5.047844   6.657071
  24         "l+ow"    1    7.648041   6.709750  60.682281
  25         "l-ey"    1    0.999889   0.999886   0.999886
  26       "uh-t+b"    1    0.999992   1.000011   1.000035
  27      "aw-z+ah"   15   63.316414  59.899979  65.487167
  28        "k-s+t"    3   13.577144  22.301592  22.998335
  29      "jh-ah+n"    1    1.006879   1.010038   5.875403
  30      "jh-ah+t"    1    1.128504   1.840803   1.000813
  31        "th+aw"   15   35.826481  24.836317  52.204548
  32        "th+er"    2    6.889584   9.175797   5.800554
  33      "ih-s+ah"    1    1.029225   1.000130   1.045403
  34      "r-uw+zh"    1   12.619169   1.156161   0.999999
  35       "k-ih+p"    1    1.037959   1.055017  51.010738
  36      "er-ay+z"    1    0.999999   0.999999   0.999999
  37      "iy-m+ey"    1    1.825901   5.165971   1.002491
  38        "n-d+i"    2    3.459116   2.001233   1.999819
  39        "n-d+r"    5   12.481732   6.010195  34.998569
  40         "d+ae"    1    1.054350   1.028985   3.994866
  41         "d+ay"    1    1.011129   1.062702   7.938802
  42         "d+eh"    1    1.002156   1.000102   0.999887
  43         "d+ih"    2    2.063468   2.362858   5.612458
  44      "ah-g+ey"    1    4.775504   4.775516   8.828451
  45       "k-aa+m"    1    1.002874   1.982120   1.028952
  46       "k-aa+p"    1    1.000040   1.001094   3.001091
  47      "er-l+ih"    1   21.409382   1.044693   0.999951
  48      "uw-t+er"    3    5.695398   3.125126   4.507184
  49         "d-er"    1   18.059624  13.511313  41.620670
  50         "d-iy"    2   13.596148  20.046474  32.123150
  51       "m-ih+d"    1    1.922873   6.261401   0.999991
  52       "m-ih+n"    1    1.000004   1.000060  58.012512
  53        "a-n+d"    2   23.941803  10.129360   6.597237
  54      "l-ey+er"    1    0.999934   0.999933   0.999933
  55       "r-w+er"    1    1.000523   1.010746   0.999955
  56       "l-eh+k"    1    4.038050  14.827204   1.000535
  57       "l-eh+t"    1    5.901094   1.297843   9.839050
  58       "s-b+ao"    1    1.771101   1.008847   4.190173
  59       "k-ah+l"    3   13.201726   8.086992  17.172129
  60       "k-ah+m"    4   13.984889   5.011662   8.042423
  61       "k-ah+p"    1    1.006666   1.011138   5.184091
  62       "s-b+oy"    1    1.099126   1.847334  12.045221
  63       "p-uw+d"    1    1.069412   1.005180   0.999948
  64       "t-w+eh"    1   29.961620  10.384808   0.999993
  65       "n-eh+k"    1    3.049481   1.004521   1.082507
  66        "n-s+f"   10   30.697084  12.604475  45.875870
  67      "er-d+iy"    2   21.289587   5.625875  15.141537
  68      "uw-l+eh"    1    0.999945   0.999988   0.999941
  69      "p-iy+ae"    1    1.160258   3.816802   1.037621
  70      "eh-v+ah"    1    1.002585   1.001199   2.250774
  71      "iy-v+iy"    1    1.000885   1.512053   1.001059
  72       "r-uw+l"    1    1.364122   1.002178   0.999941
  73      "uh-r+ih"    1    1.000480   1.003276  10.886080
  74         "m+ih"    2    1.999997   2.006863   5.895873
  75     "uw-ey+sh"    1    4.870511   1.450964   5.657129
  76      "ah-p+ah"    1    1.854787   1.952066   1.000046
  77        "d-i+r"    2   42.948196  29.904045   1.999819
  78      "f-er+th"    1    1.081914  10.741039  36.423244
  79       "s-ih+k"    4    6.999645   4.764529   4.004992
  80       "s-ih+n"    1    1.065328  10.487054   0.999973
  81       "t-uw+d"    1   42.655037   2.835968  93.173592
  82      "m-er+sh"    1    0.999939   0.999939   0.999939
  83      "ih-t+aa"    1    1.002259   1.001399   1.002503
  84      "uw-d+ah"    1    4.147634   3.890727   0.999954
  85       "r-eh+d"    1    1.045747   4.938238  17.993744
  86       "r-eh+n"    3   13.003068   9.989428  47.985954
  87       "s-k+ih"    1    3.263968  14.418521   7.648938
  88      "ae-d+ah"    1    4.043926   1.000670   1.000420
  89      "eh-n+ah"    1    1.003335   2.660906   6.874286
  90      "eh-n+iy"    3   16.367996  13.649795   4.026501
  91       "s-aa+f"    2   10.266407  22.651867  13.649071
  92       "s-aa+l"    1    5.829130   9.327514   0.999957
  93       "p-er+v"    1    9.917510   1.128609   2.945299
  94       "s-ae+d"    1    1.578356   1.949737   4.574129
  95       "s-ae+m"    1   18.021822   1.006641   0.999958
  96       "t-eh+n"    2    5.779246   6.139975   5.362597
  97         "th+r"    3   11.519688   9.027481   3.999948
  98       "s-ah+d"    1    1.664245   1.249953   8.001891
  99       "s-ah+n"    1    1.003079   1.000329   1.005724
 100      "ow-v+ow"    3   12.013968  12.984927  14.924341
 101         "v+aa"    1    4.516942   8.310759   3.448138
 102         "v+ae"    1    4.009108   4.998094   1.001012
 103         "v+ay"    1    5.109751   1.906199   5.791223
 104       "b-oy+z"    1   18.613369  10.434193  15.994183
 105      "ih-l+ih"    1    0.999962   1.206882   0.999957
 106      "hh-ah+n"    5   14.120040  16.792797  14.873999
 107      "th-r+ay"    1    4.378209   1.051061   0.999969
 108      "th-r+iy"    3    2.999854   2.999854   3.004958
 109         "v-ow"    3   56.103951  47.365444  35.407394
 110      "v-iy+ah"    1    1.219893   9.472501   1.016790
 111       "r-ey+d"    1    1.000220   1.000222   1.017145
 112       "s-t+aa"    2    2.000238   1.999824   1.999826
 113       "s-t+ah"    1    2.856226   1.202465   1.001498
 114       "s-t+iy"    2    6.136279   3.874753  10.527263
 115       "l-y+ah"    1   10.781709   2.580933   1.000005
 116      "l-er+ey"    1    2.239765  11.263739   0.999984
 117       "l-y+uw"    3   42.346893   7.657701   4.598858
 118        "ch+oy"    1    2.780564   2.780569   3.550546
 119     "ey-sh+ah"    4   28.336065  16.169857 116.892792
 120         "n+ay"    2   13.023620   3.973942   2.016019
 121         "n+eh"    1    1.049890   3.802061   1.001496
 122      "ih-d+ah"    1    1.000984   2.737382   0.999992
 123         "n+iy"    1    1.443931   1.002583   5.590630
 124       "w-ah+n"    5    7.889516   7.904669   5.661134
 125       "t-ey+t"    1    3.949067   1.020292  11.994214
 126      "er-v+ae"    1    1.000193   1.006660   1.000569
 127         "n-ow"    1    1.030998  14.432956   2.680276
 128       "s-ay+k"    1    6.263687   6.677819   9.031331
 129       "s-ay+l"    1   11.033346   6.722421   1.008158
 130      "ay-k+ah"    1    3.045836   7.974319   1.004537
 131       "b-r+ay"    1    8.440854   1.233369   2.273088
 132      "d-ih+jh"    1    1.000032   1.005333  23.286171
 133       "y-ah+b"    1    1.285974   1.256877   1.005057
 134       "y-ah+l"    1    7.944516   3.550714  11.898319
 135       "y-ah+t"    1    1.000125   1.000061   1.009548
 136       "p-y+ah"    1    6.000244   4.989906   1.000000
 137       "p-y+uw"    3   27.302567  26.134809  58.303249
 138       "d-r+ah"    5    5.006641  13.863349  11.351460
 139         "f+ao"    6   18.254881  11.412267  41.147816
 140         "f+ay"    3   26.108839  33.581696  26.764076
 141         "f+ih"    1    1.041223   1.089571   1.058647
 142         "f+uh"    1    3.813455   8.446833   1.001726
 143      "ay-ah+l"    1    1.026281   1.051604   1.847163
 144      "ay-ah+t"    1    1.031587   1.016170   1.011668
 145         "f-er"   10   39.012039  21.324564  21.662453
 146         "w+ah"    5   44.531105  23.017668  43.264103
 147         "w+eh"    1    5.572666   8.402956   1.000015
 148      "w-eh+dh"    1    1.000225   1.004841   1.000126
 149      "ay-t+ah"    1    2.845841   1.024841   1.000252
 150      "ay-t+ih"    1    1.032617   1.069543  17.140629
 151          "b+r"    1    1.010854   1.000856  27.990627
 152        "m-a+n"    2    2.004055   2.004055   2.004770
 153      "ae-n+ow"    1    1.000472   1.789565  10.287894
 154        "ow-er"    1   14.392152   9.621224   0.999947
 155         "uw-b"    1    3.596070   1.003246   2.004897
 156         "uw-d"    1    0.999901   0.999901   0.999915
 157         "uw-m"    1    1.020037   5.980184   2.785848
 158          "k+r"    3    8.999827   6.977433  23.570633
 159          "k+w"    1    3.034837   6.812093   1.001350
 160          "k+y"    4    9.103676  18.088123  11.726370
 161          "k-s"    3   16.154232   7.020884  32.979935
 162      "ay-l+ah"    1    4.173202   4.076043   0.999940
 163          "l-z"    1    0.999868   0.999868   0.999868
 164          "m+a"    2    8.883613   2.012933   2.000112
 165          "m+y"    1    1.001697   2.395516   1.000490
 166          "m-z"    1    1.927574   1.006426   0.999881
 167          "n-d"   15   41.333111  72.873795 105.926056
 168          "n-s"    2    6.434343  22.638128  24.694338
 169          "n-t"    1    0.999908   0.999959   1.001464
 170     "ih-jh+ah"    2   40.851788  23.806417  12.219321
 171          "p+l"    2    6.926858   3.568689  43.332066
 172          "p+r"    2    2.951453   2.041285  10.101194
 173       "l-r+ay"    1    1.172984   1.871455   1.052325
 174       "uw-m+y"    1    0.999895   0.999895   0.999914
 175         "eh-d"    1    1.001653   2.915929   1.141479
 176         "eh-n"    1    3.126363   3.807016  12.038933
 177         "eh-t"    1    0.999959   0.999947   1.000479
 178      "aw-d+er"    1    2.207423   1.020853   0.999858
 179        "m-p+y"    4   12.963348  12.006745   4.346446
 180          "r-i"    2   28.195520  23.426294  15.980455
 181          "r-t"    1    0.999866   1.000285   1.009249
 182      "eh-p+th"    1    0.999887   1.001459  10.219515
 183        "ih-ng"    3   65.637680  90.810669   7.971378
 184          "s+k"    1    1.324191   1.002141  19.593859
 185          "s+t"    2    3.114364   3.552522   4.457459
 186          "s-t"    2    2.148422   3.148087   2.382059
 187          "t+r"   10   36.452595  17.665880  24.556826
 188          "t+w"    1    1.000187   1.008097   1.000337
 189         "g+ih"    1    1.515636   1.515613   1.631785
 190          "sil"   82  1801.329224 1148.355103 442.513763
 191        "iy-ah"    2    8.606439   5.592520  33.531502
 192      "ih-n+iy"    1    2.510569   1.001122   2.513134
 193       "b-aa+k"    1   10.526396   2.507744   1.012591
 194         "er-d"    1    0.999920   0.999920   0.999920
 195         "er-n"    1    3.542761   0.999933   0.999950
 196      "ih-n+th"    1    1.008149   1.008698   8.472583
 197       "d-ih+l"    1    4.828324   1.004108  18.357311
 198       "p-r+ay"    1    1.098713   1.479878   1.585166
 199       "p-r+iy"    1    1.014043   2.258227   1.003780
 200       "b-ae+k"    1    0.999864   0.999864   0.999864
 201      "ah-b+ah"    1    1.000196   1.000157   1.000015
 202      "ah-b+er"    1    1.000355   2.834725   3.130584
 203         "ey+t"    1    4.938640   6.046594  11.950372
 204       "b-ah+l"    2    6.357948   2.341988   9.208813
 205       "b-ah+n"    1    1.457589   1.139987   7.560709
 206       "b-ah+s"    1    4.307698   1.088158  13.423225
 207      "th-aw+z"   15   89.904480 131.265015 116.883026
 208         "ey-l"    1    1.263708  24.042551  46.132065
 209         "ey-t"    1    0.999992   0.999992   0.999992
 210       "f-ih+f"    1    1.038874  13.073169   1.000200
 211       "k-w+ay"    1    1.321082   6.014415   0.999930
 212       "d-ae+n"    1    1.000096   5.742235   5.059995
 213         "p+ey"    5   11.488981   5.005514   6.696997
 214         "p+iy"    1    1.036497   5.035235   1.044530
 215         "p+uw"    1    1.958300   4.571685   1.356260
 216         "p-ey"    5   31.852549  57.218689  78.963272
 217       "d-ah+l"    5   18.629511  16.402790  14.119246
 218       "b-ao+l"    3   12.999829   4.988256  74.620796
 219      "sh-ah+l"    1   26.578644   7.833674  11.639601
 220      "sh-ah+n"    5    7.096391   5.016160   5.979973
 221         "p-th"    1    1.188334   1.000807   2.144481
 222       "t-r+ae"   10   16.030422  26.406347  63.197056
 223      "jh-eh+s"    1    3.473437   1.041387   0.999955
 224      "n-ey+sh"    1    5.822767   2.232862   5.761813
 225       "ay-n+t"    1   26.493830   6.248065   9.953807
 226      "aa-p+ah"    5   17.363382  34.193981   9.965289
 227      "aa-p+iy"    1    1.083329   5.043465   1.005247
 228       "f-ao+r"    6   23.483551  40.987091  66.230949
 229       "b-l+ah"    1    2.056464   5.943466   0.999992
 230       "l-ih+n"    1    1.012181   1.000555   1.023702
 231       "l-ih+s"    1   46.081791  10.070181  60.790112
 232       "f-t+er"    2    2.469415   3.287205   2.099843
 233       "f-t+iy"    1    1.554134   1.056414   8.269711
 234       "s-f+er"   10   23.044100  46.866276  26.418180
 235         "y-uw"    1    5.043911   6.863603  53.048943
 236      "ay-v+ah"    1    1.010434   1.143047   1.044401
 237       "ao-l+r"    1   16.923656   7.076490   0.999997
 238      "w-ay+ah"    1    8.816259   4.839430   1.626355
 239     "ay-jh+eh"    1   12.994367  11.008991   8.343846
 240      "uw-p+er"    1    4.000056   1.001387   1.000465
 241       "f-ay+v"    3    4.080205   3.000087  11.415314
 242       "ey-s+b"    1    3.287245   1.001384   7.036606
 243       "ao-r+t"    2    2.928899   9.638734   4.791327
 244       "ao-r+w"    1    1.000105   1.009829   1.001213
 245       "t-b+ao"    1    1.041071   1.081450   7.926658
 246       "l-ah+g"    1    8.996129   1.027143   8.593225
 247       "l-ah+n"    1    1.005312   1.003374   1.630682
 248       "l-ah+t"    1    7.917212   2.751743   1.815976
 249       "k-er+l"    1    1.962968   1.000266   0.999949
 250      "ah-t+ah"    1    1.036738   1.038236   1.000332
 251      "ah-t+ey"    1    1.001878   1.001283   1.000016
 252     "er-sh+ah"    1    0.999939   0.999939   0.999939
 253      "ah-t+ih"    1    1.007046   1.032718   1.019886
 254      "ey-t+iy"    1    1.001867   1.001593   5.997462
 255      "ah-t+uw"    1    1.172490   1.097504   1.071749
 256       "n-ah+s"    1    1.210994   1.244549   6.842162
 257       "r-ih+z"    1    1.226600  12.822712  47.949169
 258        "i-r+i"    2    2.375926  13.683714   1.999826
 259       "ae-l+t"    1    0.999930   1.000366  41.004765
 260       "ae-l+y"    2    2.143727   6.493241   1.999831
 261       "s-uw+p"    1    5.107008   3.810462   3.080286
 262       "l-t+ah"    1    2.347089   3.592555   7.643406
 263       "ae-m+p"    1    1.000299   1.963707   4.035428
 264      "iy-r+ay"    1    1.060333   2.988219   3.901092
 265       "ae-n+f"    1    1.011518   4.215313   8.931850
 266       "ae-n+s"   10   39.677418  50.827805  28.034023
 267       "n-iy+d"    1    2.179294   1.000011   1.000203
 268       "n-iy+k"    1    2.977937   1.208343  16.362507
 269       "n-iy+t"    3   11.957377  18.495281  20.514593
 270         "ow+v"    3   20.283216   8.210116  22.744255
 271         "ow-m"    1    2.526016  12.411849   3.847895
 272      "ah-l+ah"    1   21.551277   5.941110   1.107472
 273      "ah-l+eh"    1    1.000000   1.000000   1.000000
 274      "ah-l+er"    1    1.025105   1.000410   0.999986
 275       "p-ah+l"    1    1.000038   1.000168   1.022792
 276       "p-ah+p"    5   15.195087  21.603441  32.836906
 277      "ah-l+ih"    2    7.795204  16.011122  59.241184
 278       "m-ey+l"    1    1.995627   2.409480   6.141342
 279        "ey-er"    1    0.999941   1.002831   4.365484
 280       "y-uh+r"    1    1.001219   1.001212   1.001410
 281       "l-aw+d"    1   11.998177   1.005284  10.764588
 282         "oy-n"    1    1.093765   2.775249  14.552530
 283         "oy-s"    1    1.001825   1.001705   1.002369
 284         "oy-z"    1    1.004832   1.080490   2.124529
 285       "t-ih+r"    1    1.006360   1.003309  19.659916
 286       "t-ih+v"    1    1.363012   1.047224   1.006351
 287       "n-t+iy"    3    4.010069   3.000290   4.001161
 288      "y-uw+ey"    1    6.837828   9.115069   0.999897
 289      "v-ay+ah"    1    0.999961   1.000023   1.000421
 290       "r-ae+n"   10   75.721237 104.354958 104.757591
 291       "s-eh+v"    1    2.056688  10.256503   1.005554
 292       "p-iy+r"    1    1.002488   0.999968   0.999985
 293     "th-iy+ah"    1    4.700352   1.000742   1.003358
 294       "t-aa+p"    6   32.121342  43.654167  60.889233
 295       "t-aa+r"    2    6.987766   2.845351   1.999807
 296       "r-ah+b"    1    1.019183   1.004287   1.016987
 297       "r-ah+d"    5    9.927059   7.205150  14.202486
 298       "r-ah+f"    1    1.113601   1.028353   1.010131
 299       "r-ah+m"    2    2.010458   2.023811   7.424938
 300       "n-ay+n"    2    3.006100   2.443540   4.177501
 301       "r-iy+v"    1    1.693023  11.634862   1.170900
 302      "ey-d+ah"    1    1.101587   1.021842   0.999958
 303       "oy-l+z"    1    0.999868   0.999894   1.179704
 304        "hh+ah"    5   36.176689  43.713257  62.020847
 305        "hh+ow"    1    1.014969   1.002093   1.122711
 306       "v-aa+l"    1    2.019310   1.210316   1.007609
 307       "t-ah+l"    1    2.990798   1.211358   5.888208
 308       "t-ah+n"    1    0.999995   1.003338   1.441408
 309       "t-ah+s"    1    4.996734   3.185472   1.207366
 310       "t-ah+t"    1    5.106441   1.240448   1.004873
 311       "y-uw+b"    2    9.589183  14.624707   5.174673
 312       "y-uw+m"    2    2.000307   2.002515   2.234478
 313       "y-uw+t"    3    9.804945  32.073029 136.196045
 314       "y-uw+z"    1    7.951480   1.009845   5.175556
 315       "r-t+iy"    2    2.425117   3.365637   9.609935
 316       "ah-m+b"    1    6.930213   1.028234   1.010208
 317       "ah-m+p"    3   14.080226  17.877321  10.031750
 318       "ah-m+z"    1    7.795556  12.364267   7.003723
 319       "k-y+uh"    1    0.999969   0.999969   0.999953
 320       "k-y+uw"    3    3.975777   7.013105  14.991776
 321         "r+ah"    2    8.590509   2.149833   3.268513
 322         "r+ay"    1    1.005446   1.014025   1.105259
 323         "r+eh"    4   10.688734   5.732623  20.995020
 324       "v-ae+l"    2    2.765164   2.049042  18.547056
 325         "r+ih"    1    2.051745   3.953900  17.931076
 326       "w-eh+n"    1    1.000374   1.996618   1.000642
 327       "ah-n+d"   20   63.758469  66.170006  77.572571
 328       "ah-n+s"    2    2.034858   3.013911  18.833212
 329       "ah-n+t"    2    2.038126   3.466299  14.748412
 330         "r+uw"    2   22.118206  50.261929  12.647980
 331         "r-iy"    3   14.867306   7.231059  89.424431
 332       "v-ah+n"    1    4.494881   1.087200   1.294484
 333       "v-ah+t"    1    1.007333   1.013319   3.410838
 334       "p-l+ey"    2   33.651936   6.552386  81.084412
 335       "z-ih+k"    1    8.396219   1.151408  47.171722
 336       "z-ih+s"    1   17.268064   0.999872   0.999870
 337       "ah-s+b"    1    3.303786   9.962214   1.042013
 338       "m-y+ah"    1    0.999895   1.000202   0.999896
 339      "d-ay+jh"    1    0.999998   0.999997   1.000384
 340       "r-ay+t"    6   42.227196  33.318897  39.410160
 341       "r-ay+v"    1    1.356115   4.570019   1.017472
 342      "ch-oy+s"    1   13.685014  10.989569  12.004191
 343       "m-y+uw"    1   12.982681  15.014417   1.048871
 344       "w-er+d"    1    8.838125   7.035805  53.997456
 345       "eh-k+s"    1    1.029479   1.055952   4.974127
 346      "l-ow+er"    1   20.728861   7.848143   0.999952
 347      "ah-m+er"    1    0.999939   0.999939   0.999939
 348      "aa-r+th"    1    5.038193   4.590618  15.521956
 349      "uw-z+ih"    1    1.000028   1.007658   2.059168
 350       "eh-n+t"    1    1.096638   2.966049  10.940977
 351      "t-er+ay"    1    0.999999   0.999999   0.999999
 352       "z-ah+n"   15   29.174725  27.418318  45.263641
 353       "eh-s+t"    1    0.999957  13.470914   1.000284
 354       "ih-f+t"    1    4.722886   8.417358   4.379034
 355      "iy-k+ah"    1    5.440288   1.001544   1.000429
 356      "eh-k+sh"    1    1.000607   1.002179   6.013368
 357         "b+aa"    1    1.130078  37.970520  76.027115
 358         "b+ae"    1   19.617117   1.079345  60.394821
 359         "b+ah"    1    1.014621   1.001718   3.805985
 360         "b+ao"    1    1.001516   1.000133   1.412871
 361         "b+er"    1    3.743354   1.002066   1.001943
 362         "b+ey"    1    0.999977   0.999977   0.999996
 363      "l-ih+jh"    1    1.009995   1.537961   9.451394
 364      "l-ih+ng"    2    4.568797  12.126093   1.999892
 365       "ih-k+s"    4    9.013115  15.494614  10.334266
 366       "aa-b+l"    1    5.316148   1.063021   0.999976
 367       "k-oy+l"    1   17.984398   3.963694  16.855696
 368       "k-oy+n"    1   12.970978   1.048366   0.999864
 369     "eh-dh+er"    1    3.061287   3.061276   4.079297
 370         "b-ah"    1   12.232895   4.612077   1.019741
 371         "b-er"    1    1.007134   1.339730  36.901539
 372        "er-th"    1    5.871277   1.001988   1.010138
 373      "iy-ae+n"    1    1.721837   1.074952   6.724238
 374       "aa-f+t"    2    6.916728   2.017374  21.484192
 375         "s+aa"    3    5.248179  22.781347  35.473999
 376         "s+ae"    2    7.306254  20.568596   2.997839
 377         "s+ay"    2    5.884857  45.158180   2.938862
 378      "k-sh+ah"    1    3.261972  10.883350   1.972157
 379         "s+eh"    1   12.733453   0.999995   1.002414
 380         "s+ih"    5   20.814592  23.150837   6.778413
 381         "s+uw"    1    1.348950   1.012196  22.643002
 382      "iy-ah+s"    1    0.999959   0.999985   1.007195
 383       "ih-s+t"    1    4.020429   1.004312  16.898279
 384       "aa-k+s"    1    2.217057  26.529978  72.196281
 385       "aa-l+y"    2    2.614991   3.377050   1.999822
 386       "aa-m+b"    1    2.009969  18.918312   1.116329
 387      "ih-z+ih"    1    2.745711   1.733774   5.327445
 388         "ih-k"    1    2.934548  10.142161  30.334961
 389         "ih-n"    1    3.691549   1.000298   1.003762
 390         "ih-p"    1    0.999978   1.004970   5.886086
 391         "ih-v"    1    0.999932   0.999886   1.000672
 392      "iy-t+ah"    3   10.827070   6.789652   8.343180
 393      "g-ey+sh"    1    4.008462   2.005709   5.983288
 394       "aa-r+t"    1    1.081038   1.028987   1.019647
 395       "k-r+ah"    1    2.803740   3.230072   2.362788
 396       "k-r+ay"    1    3.882994   3.822887   1.392395
 397       "k-r+ey"    1    3.056169   1.062503  10.797065
 398         "k+aa"    2    7.266404  22.838047   2.022154
 399         "k+ah"    6   16.015799  12.213132  19.217060
 400         "k+er"    1    4.670299   7.320225   1.030869
 401         "k+oy"    2    6.147452  10.622780   1.999736
 402      "ah-n+ey"    1    9.529281   1.001529   1.054037
 403      "n-th+iy"    1    4.001513   1.001895   1.002586
 404         "aa+b"    1    6.704305   7.411659   2.444265
 405         "aa+r"    1    1.000249   1.000085   1.000538
 406         "aa-p"    1    3.410625   3.306759  22.293125
 407         "aa-r"    1    1.082650   1.048316   6.224352
 408       "f-uh+t"    1    1.000629   1.000629   1.000735
 409         "zh-d"    1    1.328947   1.111968   1.686466
 410         "ae+l"    1    1.006196   1.010209   1.000622
 411         "ae+m"    1    0.999999   0.999999   0.999999
 412         "ae+s"    1    1.011604   1.016330   3.871670
 413         "ae-k"    1    4.037005  15.965724   2.395622
 414         "ae-m"    1    6.130697   6.962106   8.325640
 415      "ih-r+iy"    1    2.999975   1.015471   0.999909
 416      "uw-b+ah"    1    1.938944  10.742893  33.309780
 417     "er-ey+sh"    1    5.187643   3.627735   3.630147
 418      "r-ih+ng"    1    1.000032  11.488299   0.999980
 419      "th-er+d"    2   11.909521   5.448396   1.999943
 420         "ah-d"    6   17.170341  15.563857  33.225357
 421         "ah-f"    1    7.117345  19.813585  25.913807
 422         "ah-l"   10  128.896973 102.691597 244.273102
 423         "ah-n"   11   15.835302  48.882229  31.551281
 424         "ah-p"    5   10.098139  11.505889  17.852346
 425         "ah-s"    3    9.258222  17.992962  37.982395
 426         "ah-t"    2    2.017817   2.442426   2.034445
 427      "hh-ow+m"    1   18.661623  16.022425   0.999951
 428        "dh-er"    1   15.693501  11.292118  58.800438
 429         "iy+m"    1    3.978619   8.805598   1.197198
 430       "r-th+r"    1   12.304047   1.172087   1.103154
 431      "r-iy+ah"    1    0.999907   0.999906   0.999906
 432      "ae-s+ah"    1    5.059181   1.000800  14.104290
 433         "ao+l"    1    2.968776   0.999997   0.999996
 434         "ao-l"    3    7.149527  33.158207 159.664459
 435         "ao-r"    2    7.498654   8.992290  12.421584
