   1         "t+aa"    5   15.811518   9.459531   7.404176
   2         "t+eh"    2    5.930840   6.150314   2.302458
   3      "ao-r+ah"    1    0.999965   1.007413   8.976032
   4         "t+uw"    3    7.054442  11.484513  15.503900
   5         "t-ah"    3    8.530710  25.961065  13.307433
   6         "t-er"    4   15.744854  27.996469 207.026291
   7         "t-iy"    9  129.476318 112.142502  64.088142
   8       "d-eh+p"    1    1.014928   0.999989   1.000290
   9         "t-uw"    3    4.003793   2.999766   7.233083
  10      "iy-d+ah"    1    1.000116  10.978175   1.006708
  11           "sp"  161  2125.292725
  12       "b-er+n"    1   43.601189   8.348724  50.052940
  13       "g-ih+t"    1    1.001606   8.479733  52.515205
  14         "ay-n"    1    2.859794  20.780060   3.084146
  15         "ay-t"    4    4.000492   4.999766  26.053949
  16         "ay-v"    3    3.999573   4.999684   9.036216
  17         "ay-z"    1    0.999972   1.000129   1.000189
  18       "n-f+er"    1   12.565176   1.047123   1.003705
  19      "uw-zh+d"    1    1.024678   1.024674   1.028807
  20       "m-b+ah"    2    3.833090   2.138256   2.000804
  21         "l+aw"    1    0.999844   1.003799  51.060856
  22         "l+ih"    1    0.999976   5.999703  50.997822
  23       "b-ey+s"    1    4.998634   5.111073   6.724100
  24         "l+ow"    1    7.849000   6.295548  61.485531
  25         "l-ey"    1    1.704667   1.000059   1.000957
  26       "uh-t+b"    1    1.000022   1.000155   1.000388
  27      "aw-z+ah"   15   70.176628  55.172859  68.758896
  28        "k-s+t"    3   16.443996  15.955104  22.977377
  29      "jh-ah+n"    1    1.001651   1.007967   6.893266
  30      "jh-ah+t"    1    1.060793   1.912767   1.000291
  31        "th+aw"   15   84.086250  33.920593  29.178041
  32        "th+er"    2    8.492102  10.326877   3.688574
  33      "ih-s+ah"    1    1.065160   1.000158   1.069112
  34      "r-uw+zh"    1   29.929943   1.476714   2.322455
  35       "k-ih+p"    1    1.410387   1.616942  51.018101
  36      "er-ay+z"    1    0.999972   0.999972   0.999972
  37      "iy-m+ey"    1    1.760388   5.243457   1.000646
  38        "n-d+i"    2    4.621021   2.001825   1.999870
  39        "n-d+r"    5   11.130144   5.054408  34.996758
  40         "d+ae"    1    1.318151   1.198757   4.178978
  41         "d+ay"    1    1.019149   1.071216   7.925925
  42         "d+eh"    1    1.011359   1.000030   1.001489
  43         "d+ih"    2    2.050599   2.893411   5.100277
  44      "ah-g+ey"    1    4.842586   4.842608   9.093139
  45       "k-aa+m"    1    0.999959   1.000637   0.999933
  46       "k-aa+p"    1    0.999966   1.000568   3.031274
  47      "er-l+ih"    1   21.376198   1.109400   0.999986
  48      "uw-t+er"    3    3.000301   2.999912   3.004971
  49         "d-er"    1   19.048723  13.315425  40.498024
  50         "d-iy"    2   13.962151  20.241892  27.927376
  51       "m-ih+d"    1    1.999773   5.982462   0.999984
  52       "m-ih+n"    1    0.999975   1.000131  57.612091
  53        "a-n+d"    2   24.832430   9.992082   6.647367
  54      "l-ey+er"    1    0.999975   0.999974   0.999974
  55       "r-w+er"    1    1.008507   1.245168   0.999936
  56       "l-eh+k"    1    4.000683  14.749364   1.001754
  57       "l-eh+t"    1   36.981728  19.386724   5.342766
  58       "s-b+ao"    1    1.880325   1.026491   3.992387
  59       "k-ah+l"    3   12.747293   7.145545  27.604263
  60       "k-ah+m"    4    8.873478   5.082281   9.609123
  61       "k-ah+p"    1    1.001273   1.005564   4.365603
  62       "s-b+oy"    1    1.000808   2.015302   9.983760
  63       "p-uw+d"    1    3.900832   3.258428   1.008660
  64       "t-w+eh"    1   30.951628  10.560555   0.999992
  65       "n-eh+k"    1    3.031430   1.010785   1.537098
  66        "n-s+f"   10   32.439922  12.469953  42.593590
  67      "er-d+iy"    2   22.171181   8.548473  11.803890
  68      "uw-l+eh"    1    1.006404   1.341264  21.306257
  69      "p-iy+ae"    1    1.435207   3.290309   1.117855
  70      "eh-v+ah"    1    1.002985   1.057130   2.745429
  71      "iy-v+iy"    1    1.001008   1.215882   1.002631
  72       "r-uw+l"    1    4.475736   4.205283  20.211479
  73      "uh-r+ih"    1    1.000157   1.000769  14.513247
  74         "m+ih"    2    1.999952   2.000549   6.033535
  75     "uw-ey+sh"    1    3.920220   1.180259   6.718214
  76      "ah-p+ah"    1    1.636876   1.627476   1.001605
  77        "d-i+r"    2   42.218830  27.966436   1.999870
  78      "f-er+th"    1   14.343307  18.064613  22.909128
  79       "s-ih+k"    4    6.999776  10.077307   4.921861
  80       "s-ih+n"    1    1.178658  10.735215   0.999994
  81       "t-uw+d"    1    9.917896   1.080099   0.999907
  82      "m-er+sh"    1    0.999929   0.999929   0.999929
  83      "ih-t+aa"    1    1.013759   1.021424   5.605482
  84      "uw-d+ah"    1    2.711906   4.031670   0.999973
  85       "r-eh+d"    1    1.803842   4.185879  17.883003
  86       "r-eh+n"    3   10.886899   9.976783  48.000137
  87       "s-k+ih"    1    7.451949   9.608017   7.467590
  88      "ae-d+ah"    1    4.303863   1.001310   1.000285
  89      "eh-n+ah"    1    1.030492   3.477266   6.754972
  90      "eh-n+iy"    3   16.133997  13.870905   4.019332
  91       "s-aa+f"    2    9.103868  20.145029  13.123455
  92       "s-aa+l"    1    5.982270   8.959613   0.999976
  93       "p-er+v"    1   10.830638   2.524026   1.713912
  94       "s-ae+d"    1    2.310767   1.306656   4.194139
  95       "s-ae+m"    1   16.564537   2.574029   1.000338
  96       "t-eh+n"    2    2.026147   6.084101   3.063992
  97         "th+r"    3   14.605406  19.021957  74.782555
  98       "s-ah+d"    1    1.921211   1.159152   1.287265
  99       "s-ah+n"    1    1.002438   1.000168   1.000316
 100      "ow-v+ow"    3   13.545056  14.463990  13.761912
 101         "v+aa"    1    4.997186   1.059257   1.002172
 102         "v+ae"    1    4.246360   5.168939   2.477737
 103         "v+ay"    1    4.850624   1.471438   5.756774
 104       "b-oy+z"    1   20.334717  10.669118  15.993365
 105      "ih-l+ih"    1    0.999920   1.039362   1.176936
 106      "hh-ah+n"    5   14.011740  16.900627  14.869423
 107      "th-r+ay"    1    7.851889   8.007103   1.000085
 108      "th-r+iy"    3   73.182144  19.879484   6.826628
 109         "v-ow"    3   54.275860  48.547676  38.952259
 110      "v-iy+ah"    1    1.249069   9.762397   1.071532
 111       "r-ey+d"    1    1.000213   1.000073   1.014106
 112       "s-t+aa"    2    7.738560  16.508949   6.453603
 113       "s-t+ah"    1    1.679320   1.112996   4.267100
 114       "s-t+iy"    2    2.009322   1.999942   2.000267
 115       "l-y+ah"    1   12.937856   1.000143   1.000774
 116      "l-er+ey"    1    2.534312  11.028473   0.999943
 117       "l-y+uw"    3   36.899033   3.000470   3.055959
 118        "ch+oy"    1    2.704578   2.704559   3.414477
 119     "ey-sh+ah"    4   27.935390  15.853443 116.925842
 120         "n+ay"    2   13.016689   3.959230   2.016872
 121         "n+eh"    1   11.051247   6.921196   1.000771
 122      "ih-d+ah"    1    1.000118   2.979250   0.999984
 123         "n+iy"    1    1.573720   1.003709   5.452941
 124       "w-ah+n"    5    8.583899   7.914380   6.015368
 125       "t-ey+t"    1    3.980257   1.010415  12.006505
 126      "er-v+ae"    1    4.272466   6.073830  10.755466
 127         "n-ow"    1    1.026723  14.379387   1.895976
 128       "s-ay+k"    1    8.012220   4.955548   9.010405
 129       "s-ay+l"    1   11.211032   6.459789   1.000679
 130      "ay-k+ah"    1    3.140018   7.814950   1.065856
 131       "b-r+ay"    1    1.215514   6.363437   6.818229
 132      "d-ih+jh"    1    0.999973   1.047749  22.972265
 133       "y-ah+b"    1    1.000325   1.001929   0.999982
 134       "y-ah+l"    1    6.762831   3.574024  10.606772
 135       "y-ah+t"    1    0.999967   0.999967   0.999967
 136       "p-y+ah"    1    9.028530   0.999964   0.999967
 137       "p-y+uw"    3   46.015240  51.222824   5.703457
 138       "d-r+ah"    5    4.999953  12.084995  18.875280
 139         "f+ao"    6   14.006283   8.982029  32.962200
 140         "f+ay"    3   10.578281   7.875589  17.705301
 141         "f+ih"    1    1.000004   1.000127   1.009639
 142         "f+uh"    1    4.081048   7.787627   1.004990
 143      "ay-ah+l"    1    1.014920   1.031127   1.453917
 144      "ay-ah+t"    1    1.030695   1.016689   1.018803
 145         "f-er"   10   47.021568  84.445724  22.656406
 146         "w+ah"    5   43.778805  22.399519  43.719494
 147         "w+eh"    1    5.358531   8.452448   1.000347
 148      "w-eh+dh"    1    1.012751   1.167529   1.003764
 149      "ay-t+ah"    1    3.792881   1.006785   1.001589
 150      "ay-t+ih"    1    1.065471   1.119576  17.841406
 151          "b+r"    1    1.002068   1.035278  26.964880
 152        "m-a+n"    2    2.353476   2.353473   2.421419
 153      "ae-n+ow"    1    1.000666   1.876809  10.375749
 154        "ow-er"    1   15.163746  13.147622  37.842464
 155         "uw-b"    1    1.733197   6.124241  39.854809
 156         "uw-d"    1    8.711111   6.305237   1.003283
 157         "uw-m"    1    1.007294   5.988991   2.903638
 158          "k+r"    3    8.990587   3.009042   7.921838
 159          "k+w"    1    3.060824   1.188609   5.103453
 160          "k+y"    4    9.999518   6.040948   4.984443
 161          "k-s"    3   15.047215   8.761979  40.125633
 162      "ay-l+ah"    1    4.431368   3.803519   0.999951
 163          "l-z"    1    0.999902   0.999902   0.999902
 164          "m+a"    2    2.304152   2.745409   2.002972
 165          "m+y"    1    1.000995   2.696941   1.000272
 166          "m-z"    1    2.008142   1.004057   0.999933
 167          "n-d"   15   44.064445  73.722939 145.818375
 168          "n-s"    2    6.338404  22.933758  24.877790
 169          "n-t"    1    0.999835   0.999886   1.048814
 170     "ih-jh+ah"    2   41.159153  23.782274  11.171742
 171          "p+l"    2    6.354139   2.288967  28.587067
 172          "p+r"    2    2.984263   2.015213   2.478032
 173       "l-r+ay"    1    1.000000   2.008432   1.286178
 174       "uw-m+y"    1    3.681650   1.445320  21.855383
 175         "eh-d"    1    1.006219   3.084453   1.019395
 176         "eh-n"    1    3.130381   3.825675  11.789175
 177         "eh-t"    1    2.902924   7.051165   6.997009
 178      "aw-d+er"    1    2.031305   1.114353   0.999878
 179        "m-p+y"    4   11.201520  12.634539   8.186094
 180          "r-i"    2   28.236347  23.072575  15.379490
 181          "r-t"    1    1.092996   2.622527   5.219235
 182      "eh-p+th"    1    1.265269   1.102013   1.263979
 183        "ih-ng"    3   64.869904  90.788033   7.964278
 184          "s+k"    1    1.253532   1.001799  19.445503
 185          "s+t"    2    4.281524   3.683380  31.577156
 186          "s-t"    2    2.147269   2.986449   4.341176
 187          "t+r"   10   40.203228  39.998970  56.574902
 188          "t+w"    1    1.000004   1.000458   1.007666
 189         "g+ih"    1    6.291400   6.291400  19.107992
 190          "sil"   82  814.736450 2125.292725 448.520660
 191        "iy-ah"    2    5.876562   7.797708  35.535038
 192      "ih-n+iy"    1    2.908436   1.001610   2.496333
 193       "b-aa+k"    1   13.909596   6.109882  12.977053
 194         "er-d"    1    3.192927   1.806750   1.000032
 195         "er-n"    1    3.988530   0.999945   0.999905
 196      "ih-n+th"    1    1.006738   1.004268   8.191195
 197       "d-ih+l"    1    1.000113   1.070674   1.216177
 198       "p-r+ay"    1    0.999944   1.026411   1.072827
 199       "p-r+iy"    1    0.999953   2.046889   1.547491
 200       "b-ae+k"    1    0.999934   0.999934   0.999934
 201      "ah-b+ah"    1    0.999993   1.000091   0.999977
 202      "ah-b+er"    1    1.000896   1.018927   5.034854
 203         "ey+t"    1    4.919206   1.475256  16.554119
 204       "b-ah+l"    2    6.367059   4.657686   8.916334
 205       "b-ah+n"    1    1.315747   1.559381   7.085577
 206       "b-ah+s"    1    5.007304   1.021912  13.527682
 207      "th-aw+z"   15   76.813370 132.607574 116.145218
 208         "ey-l"    1    1.752796  21.650587  51.609520
 209         "ey-t"    1    0.999965   0.999965   0.999965
 210       "f-ih+f"    1    1.035589   7.382747   0.999951
 211       "k-w+ay"    1    2.253955   6.765857   0.999897
 212       "d-ae+n"    1    1.000284   5.858295   5.023893
 213         "p+ey"    5    9.417657   6.075426   7.305440
 214         "p+iy"    1    1.108870   4.857718   1.272837
 215         "p+uw"    1    1.746215   1.210168   1.131574
 216         "p-ey"    5   31.916258  43.406704  94.040909
 217       "d-ah+l"    5   18.316969  14.686953  14.348695
 218       "b-ao+l"    3   12.999494   4.993609  73.346092
 219      "sh-ah+l"    1   25.555788   8.807297  11.911079
 220      "sh-ah+n"    5   14.032624   5.043957   6.822922
 221         "p-th"    1    1.309649   1.010980  16.765640
 222       "t-r+ae"   10   18.287474  15.614999  23.688244
 223      "jh-eh+s"    1    1.998568   1.045571   0.999921
 224      "n-ey+sh"    1    4.477205   1.735404   6.200289
 225       "ay-n+t"    1   26.528324   6.355419   9.895571
 226      "aa-p+ah"    5   17.453205  35.132359   7.072502
 227      "aa-p+iy"    1    1.095637   3.911339   1.000775
 228       "f-ao+r"    6   29.312401  30.998035  61.462120
 229       "b-l+ah"    1    2.903788   5.095986   0.999985
 230       "l-ih+n"    1    1.002496   1.891986  60.742615
 231       "l-ih+s"    1   46.025436  11.008554  59.827538
 232       "f-t+er"    2    3.288976   2.309607   2.878092
 233       "f-t+iy"    1    2.048858   1.106461   7.861176
 234       "s-f+er"   10   23.113832  49.457924  26.316212
 235         "y-uw"    1    0.999968   1.005220   1.817800
 236      "ay-v+ah"    1    1.000907   1.002897   1.075887
 237       "ao-l+r"    1   17.100521   6.897767   1.000000
 238      "w-ay+ah"    1   10.677194   2.080684   2.587597
 239     "ay-jh+eh"    1   12.994452  11.004954   8.991047
 240      "uw-p+er"    1    3.677238   1.008061   1.000573
 241       "f-ay+v"    3    5.352941  13.999717   9.481902
 242       "ey-s+b"    1    3.158611   1.000972   7.105443
 243       "ao-r+t"    2    2.003986   8.088672   8.729372
 244       "ao-r+w"    1    0.999944   1.030228   2.508406
 245       "t-b+ao"    1    1.009707   1.024697   8.294517
 246       "l-ah+g"    1    9.009311   1.062283   8.158937
 247       "l-ah+n"    1    1.002758   1.002124   1.637712
 248       "l-ah+t"    1    7.684899   1.578141   2.236895
 249       "k-er+l"    1    2.711541   1.000210   0.999943
 250      "ah-t+ah"    1    1.113447   1.291950   1.006408
 251      "ah-t+ey"    1    1.000403   1.000274   1.000208
 252     "er-sh+ah"    1    0.999929   0.999929   0.999929
 253      "ah-t+ih"    1    1.008481   1.309941   1.456408
 254      "ey-t+iy"    1    1.161123   1.340899   5.474805
 255      "ah-t+uw"    1    2.917301   1.063925   1.005710
 256       "n-ah+s"    1    1.370805   1.243061   6.737260
 257       "r-ih+z"    1    1.519580  11.418914  47.703220
 258        "i-r+i"    2    2.876362  15.043315   2.013925
 259       "ae-l+t"    1    1.001084   6.798314   0.999871
 260       "ae-l+y"    2   16.224174  14.997664  47.009277
 261       "s-uw+p"    1    7.205662   1.817232   3.992804
 262       "l-t+ah"    1    1.024884   1.018843   1.897844
 263       "ae-m+p"    1    6.522202   3.493752   3.995558
 264      "iy-r+ay"    1    1.000110   1.024533   8.952590
 265       "ae-n+f"    1    1.009238   4.125604   8.955544
 266       "ae-n+s"   10   40.135376  52.877724  28.404118
 267       "n-iy+d"    1    1.759897   0.999972   1.000136
 268       "n-iy+k"    1    2.967944   1.074821  16.018911
 269       "n-iy+t"    3   11.956863  16.108393  22.236645
 270         "ow+v"    3   20.693869   8.124717  22.169613
 271         "ow-m"    1    2.127838  12.034413   5.033024
 272      "ah-l+ah"    1   22.750307   5.665766   1.342440
 273      "ah-l+eh"    1    0.999987   0.999987   0.999987
 274      "ah-l+er"    1    1.114045   1.001078   0.999937
 275       "p-ah+l"    1    1.000685   1.001883   1.021467
 276       "p-ah+p"    5   17.367041  16.578213  41.298370
 277      "ah-l+ih"    2    9.184972  11.427299   2.001742
 278       "m-ey+l"    1    2.003883   2.494288   7.475417
 279        "ey-er"    1    0.999981   1.014697   1.155534
 280       "y-uh+r"    1    1.004231   1.004215   1.004947
 281       "l-aw+d"    1   11.998091   1.014023  10.839041
 282         "oy-n"    1    1.088920   2.830421  15.054292
 283         "oy-s"    1    1.002265   1.001404   1.001391
 284         "oy-z"    1    1.000509   1.968419   1.388512
 285       "t-ih+r"    1    1.000517   1.001559  17.965603
 286       "t-ih+v"    1    1.736674   1.023345   1.001036
 287       "n-t+iy"    3    4.085985   3.001032   4.121049
 288      "y-uw+ey"    1    3.933452   5.471359   4.591077
 289      "v-ay+ah"    1    0.999872   1.000741   1.000071
 290       "r-ae+n"   10   67.809227 106.446724 101.390747
 291       "s-eh+v"    1    2.052866  10.103364   1.004022
 292       "p-iy+r"    1    1.000555   0.999939   0.999937
 293     "th-iy+ah"    1    3.905460   1.001132   1.003386
 294       "t-aa+p"    6   29.461855  36.620987  68.293831
 295       "t-aa+r"    2   14.869572   3.575497   1.999810
 296       "r-ah+b"    1    1.010101   1.007433   1.000066
 297       "r-ah+d"    5    7.076893  10.341623  15.538035
 298       "r-ah+f"    1    1.000579   1.000120   1.009964
 299       "r-ah+m"    2    2.007607   2.037480  13.875043
 300       "n-ay+n"    2    2.013772   4.228610   3.067959
 301       "r-iy+v"    1    1.386934  11.436739   1.213963
 302      "ey-d+ah"    1    1.068319   1.048068   0.999932
 303       "oy-l+z"    1    0.999902   0.999941   1.202826
 304        "hh+ah"    5   35.734554  43.582520  62.203640
 305        "hh+ow"    1    1.040420   1.002935   1.127848
 306       "v-aa+l"    1    1.016190  11.013515   1.008453
 307       "t-ah+l"    1    2.649406   1.125502   6.788493
 308       "t-ah+n"    1    4.135575   1.007313   1.018297
 309       "t-ah+s"    1    3.905717   3.053621   1.116418
 310       "t-ah+t"    1    3.582961   6.846027   1.615986
 311       "y-uw+b"    2    2.011933   7.336463   4.311527
 312       "y-uw+m"    2    9.292034   7.721883   2.000757
 313       "y-uw+t"    3    6.000280   3.113168  15.885672
 314       "y-uw+z"    1    1.002348   1.000594   1.008111
 315       "r-t+iy"    2    2.188088   4.224434  12.619431
 316       "ah-m+b"    1    5.005542   1.001914   1.000543
 317       "ah-m+p"    3   12.227407  18.153704  10.004095
 318       "ah-m+z"    1    5.177622  12.294319   7.390217
 319       "k-y+uh"    1    0.999991   0.999991   0.999991
 320       "k-y+uw"    3    3.013325   2.999904   3.000077
 321         "r+ah"    2    4.383204   5.017580   2.004954
 322         "r+ay"    1    0.999967   1.004606   2.338041
 323         "r+eh"    4    9.721712   8.821878  21.997492
 324       "v-ae+l"    2    4.150742   2.001311   4.863190
 325         "r+ih"    1    1.001050   4.249859  20.023930
 326       "w-eh+n"    1    1.000228   1.993381   1.000101
 327       "ah-n+d"   20   64.092110  64.474518  76.562218
 328       "ah-n+s"    2    2.004349   2.369218  22.027313
 329       "ah-n+t"    2    2.038786   3.441636  14.963504
 330         "r+uw"    2    6.975852   9.608076  42.625385
 331         "r-iy"    3   15.290210   6.930173  60.952744
 332       "v-ah+n"    1    4.066117   1.167226   1.237955
 333       "v-ah+t"    1    1.008728   1.017573   3.742373
 334       "p-l+ey"    2   57.323566  15.146280  57.383625
 335       "z-ih+k"    1    7.675129   1.279715  47.022633
 336       "z-ih+s"    1   17.312046   0.999900   0.999900
 337       "ah-s+b"    1    3.320975  10.057506   1.007699
 338       "m-y+ah"    1    0.999979   0.999916  15.292225
 339      "d-ay+jh"    1    0.999953   0.999953   1.000090
 340       "r-ay+t"    6   44.937050  25.795732  40.913933
 341       "r-ay+v"    1    1.019058   5.409889   1.009204
 342      "ch-oy+s"    1   13.818951  10.999312  12.004686
 343       "m-y+uw"    1   36.991226   0.999993   2.006033
 344       "w-er+d"    1   10.262563   6.015705  16.999046
 345       "eh-k+s"    1    1.062114   1.419121   5.408782
 346      "l-ow+er"    1   20.280235   7.848059   0.999876
 347      "ah-m+er"    1    1.999825   0.999929   0.999929
 348      "aa-r+th"    1    2.428003   4.829875  18.340183
 349      "uw-z+ih"    1    0.999935   1.676250   1.961724
 350       "eh-n+t"    1    1.110700   2.936945  10.958552
 351      "t-er+ay"    1    1.000066   1.016684  39.982033
 352       "z-ah+n"   15   26.520079  26.042259  42.924717
 353       "eh-s+t"    1    0.999933  14.176213   0.999945
 354       "ih-f+t"    1   14.114814   1.002008   2.824985
 355      "iy-k+ah"    1    5.895690   1.028230   1.011097
 356      "eh-k+sh"    1    1.001345   1.064072   6.180294
 357         "b+aa"    1    1.001177   1.004565  39.833248
 358         "b+ae"    1   17.442993   3.908712  60.032475
 359         "b+ah"    1    1.025104   1.003850   2.937284
 360         "b+ao"    1    1.000726   1.000867   1.976896
 361         "b+er"    1    3.981775   1.008085   0.999993
 362         "b+ey"    1    0.999960   0.999959   1.000039
 363      "l-ih+jh"    1    1.008123   2.570830   1.000070
 364      "l-ih+ng"    2    4.382647  12.345887   1.999868
 365       "ih-k+s"    4    9.044407  15.489100  11.238190
 366       "aa-b+l"    1    5.117423   2.192579   0.999985
 367       "k-oy+l"    1   19.925863   3.949976  16.828867
 368       "k-oy+n"    1   13.899516   1.055214   0.999902
 369     "eh-dh+er"    1    3.101705   3.101728   4.161463
 370         "b-ah"    1    4.532673   1.589570  11.762706
 371         "b-er"    1    1.009888   2.148996  35.836407
 372        "er-th"    1    2.710599   1.005640   5.817788
 373      "iy-ae+n"    1    2.103756   1.108723   6.620936
 374       "aa-f+t"    2   10.608401   2.043278  21.486809
 375         "s+aa"    3    5.104989  22.949024  35.111607
 376         "s+ae"    2    8.311172  20.305222   2.912761
 377         "s+ay"    2    5.769734  45.960556   2.267214
 378      "k-sh+ah"    1    3.513271  10.511340   1.977128
 379         "s+eh"    1   12.854399   1.000001   1.000567
 380         "s+ih"    5   19.589483  23.282978   6.525749
 381         "s+uw"    1    1.185315   1.013444  22.100821
 382      "iy-ah+s"    1    1.000019   1.000223   1.010424
 383       "ih-s+t"    1    4.045857   1.003525   9.744038
 384       "aa-k+s"    1    1.004938   1.000070   0.999954
 385       "aa-l+y"    2    2.920825   3.085976   1.999897
 386       "aa-m+b"    1    4.799578  19.146976   1.155299
 387      "ih-z+ih"    1    2.687333   5.041214   2.037894
 388         "ih-k"    1    3.827985  10.381946   4.182536
 389         "ih-n"    1    3.559776   1.000344   1.004094
 390         "ih-p"    1    0.999994   1.001905   6.040907
 391         "ih-v"    1    0.999941   0.999877   1.000460
 392      "iy-t+ah"    3   13.653559   5.183587  23.333387
 393      "g-ey+sh"    1    3.993191   2.024135   5.973082
 394       "aa-r+t"    1    1.001583   1.397218   7.925148
 395       "k-r+ah"    1    1.001262   3.495768   1.352017
 396       "k-r+ay"    1   18.907156   7.174695   1.151347
 397       "k-r+ey"    1    1.000814   3.932980  10.930449
 398         "k+aa"    2    8.027286  18.800751   4.065445
 399         "k+ah"    6   16.933661  16.781466   9.352906
 400         "k+er"    1    4.861277   6.695055   1.053430
 401         "k+oy"    2    6.318942   7.088535   2.727105
 402      "ah-n+ey"    1   10.602511   1.000044   1.003706
 403      "n-th+iy"    1    4.060474   1.872306   1.000379
 404         "aa+b"    1    6.531691   7.973938   1.179639
 405         "aa+r"    1    1.000335   1.000661   1.001067
 406         "aa-p"    1    3.376897   1.661129   2.196842
 407         "aa-r"    1    1.000267   1.007572   6.349137
 408       "f-uh+t"    1    1.000696   1.000696   1.000812
 409         "zh-d"    1    1.015919   1.002551   1.001621
 410         "ae+l"    1    1.002796   4.147303   7.166367
 411         "ae+m"    1    1.000138   1.000989   4.985471
 412         "ae+s"    1    1.051621   1.015968   3.908293
 413         "ae-k"    1    4.021868  14.574220   3.105035
 414         "ae-m"    1    6.318517   6.889184  12.993921
 415      "ih-r+iy"    1    1.950483   1.025000   0.999924
 416      "uw-b+ah"    1    1.662269   1.001493   0.999999
 417     "er-ey+sh"    1    5.386004   3.677221   3.351156
 418      "r-ih+ng"    1    0.999989  10.239478   0.999996
 419      "th-er+d"    2   11.070203   6.590713   1.999923
 420         "ah-d"    6   24.003546  17.368147  25.285889
 421         "ah-f"    1    1.005337   1.006226   1.034031
 422         "ah-l"   10  131.168900 120.122681 238.763107
 423         "ah-n"   11   15.568465  49.158577  27.020100
 424         "ah-p"    5   10.006694  11.313540  19.260637
 425         "ah-s"    3    9.864718  17.998905  38.138981
 426         "ah-t"    2    2.035071   2.247138   2.265925
 427      "hh-ow+m"    1   18.601440  16.197744   0.999970
 428        "dh-er"    1   15.962072  11.287720  58.370541
 429         "iy+m"    1    4.000609   8.677083   1.316428
 430       "r-th+r"    1    1.750746   1.001946   1.014241
 431      "r-iy+ah"    1    0.999965   0.999924   0.999924
 432      "ae-s+ah"    1    4.968255   1.000490  14.038629
 433         "ao+l"    1    5.663049   1.000000   0.999999
 434         "ao-l"    3    7.810807  31.895094 160.948975
 435         "ao-r"    2   36.999256  17.689688  35.989204
